100
100 1
100
10 3
20 3 15
306651 3
87183 997585 1851
2273 4
588371 293337 480756 874408
1 5
341617 802520 415609 725985 81386
378025 5
949639 662073 703202 467083 399566
541999 2
994507 772425
53505 2
602590 215026
748618 5
849169 17111 526770 606693 883093
1 5
1 1 1 1 1
451226 5
71642 89396 264838 714284 783236
2 5
5 6 3 1 5
2 4
2 2 2 6
1000000 5
82180 793569 813809 29925 311007
10 5
5 5 5 5 10
1000000 5
635224 704429 473264 291911 802286
4 5
664 311 570 383 414
1 5
141 509 115 400 950
6 5
10 36 60 79 21
852598 5
82601 236282 22088 354657 155326
925309 3
841113 442729 597076
559185 4
208210 912688 678126 939587
11 5
10 5 5 5 5
892513 4
135303 182137 596498 53913
1000000 1
999999
815163 4
632244 808149 764801 810668
116261 5
98025 215048 59786 247080 98376
795296 5
6252 285902 325178 502237 645335
951103 1
765609
335578 4
282803 217788 260886 640267
2 5
3 3 1 1 2
125227 5
577789 529429 214622 215145 620211
619810 2
155416 223550
779195 4
849470 942043 213100 132008
1000000 1
1000000
810558 5
344415 392657 357584 171774 304304
534063 5
258566 598524 456426 29585 772529
319044 5
261801 263731 393961 414941 893844
739317 5
951996 863764 443091 797446 836602
488018 3
308656 521317 520633
684472 5
944277 930288 800315 788603 103449
329901 5
880563 258606 22022 176704 558002
1000000 5
924574 8719 342767 568945 555705
83328 5
350795 514089 524038 538421 851080
44137 5
192627 811903 841582 356844 388381
11 5
5 5 5 5 10
1 5
1000000 1000000 1000000 1000000 1000000
802947 5
862912 292508 42555 733858 129139
857961 1
737632
688250 2
831038 60620
935031 5
23354 345374 27152 25640 112952
627762 4
677803 206833 822240 133741
2 5
1 1 1 1 1
66091 4
831706 878475 260245 554890
832598 3
370039 856004 523435
1000000 5
1000000 1000000 1000000 1000000 1000000
10 5
1 1 1 1 1
556624 2
274622 378370
723531 5
42075 242382 370644 516264 889694
508565 5
466474 266021 418902 657215 917554
6 5
1 2 2 1 2
491864 5
661455 835848 827706 623681 22072
3 4
2 2 2 3
197246 5
236419 379081 392247 329285 218963
393986 4
674390 135182 347286 31036
89881 3
511408 995154 91731
874067 5
947868 405653 302003 513175 430569
4 5
473 841 779 303 515
835830 4
447138 384522 947967 557977
1000000 5
267128 630185 667720 125096 432704
797446 2
647866 60127
961169 5
138765 261660 15941 823237 365108
3 3
1 1 100
417752 3
363622 808128 698904
284573 4
341269 7808 310540 261036
215041 5
11145 241771 982692 178988 244512
447020 3
277914 910261 603638
313624 3
866461 861223 737849
1 5
62 136 258 302 271
3 4
2 2 2 4
816256 5
283865 153710 262895 640720 127353
1093 5
964645 862819 737494 348531 174170
538228 5
84772 187634 402258 552226 469594
434468 5
436949 840295 745600 430797 913270
8 5
2 3 4 1 3
612229 3
303208 720795 311132
778082 3
944305 450057 587247
2 5
1 5 5 3 4
424792 5
786123 33467 234481 783230 907874
241172 5
723257 409416 349631 276177 256220
318710 4
690838 775519 763806 631981
731968 1
911585
121004 5
736852 727202 703775 524695 90783
1000000 5
1 1 1 1 1
809166 3
450564 885522 179204
1000000 5
243331 743568 743782 976399 92867
509616 3
919768 149526 563528
90796 3
370744 616509 267499
183209 5
962227 819490 623787 315216 186224
748235 2
210234 595786
