100
100 1
100
10 3
20 3 15
523599 4
431113 597034 269891 182480
1000000 5
299541 98362 178799 308565 593147
26040 5
117089 621811 680604 418707 299775
824899 5
448305 777362 476011 643729 38825
1 5
976497 745045 395609 665993 70785
589138 5
15935 964125 624552 251703 510146
559687 3
753606 686860 230018
632213 5
340500 123387 677471 644251 531051
10 5
5 5 5 5 10
610299 5
960195 388399 815698 572657 537720
8 5
4 2 1 1 2
266655 1
731862
1000000 1
999999
1000000 5
1 1 1 1 1
519460 2
653922 584496
635806 2
335823 228955
48951 5
270234 810069 869977 303367 159183
3 4
2 2 2 4
206128 4
438144 603811 983489 430506
878709 5
857055 681867 398809 347139 122238
409913 5
206586 291467 404073 572677 931643
4 5
1 2 1 1 2
3 5
413 234 172 420 488
155374 5
985240 759075 746124 480280 189824
821391 4
145259 378413 684881 343477
37229 5
52660 227187 432838 640051 870315
53240 1
541930
178109 5
199636 377915 520882 794821 845751
690462 2
152792 341508
647308 3
117033 821027 33134
507325 5
580798 412283 903267 395260 639664
890198 5
322703 166375 302183 334060 203603
2 4
2 2 2 6
1000000 5
1000000 1000000 1000000 1000000 1000000
195425 3
261464 374529 106575
988382 5
790115 393504 893133 122164 482513
836892 4
465818 351452 959817 613246
5 5
173 275 655 459 505
660085 5
286094 170859 253601 203851 79264
195599 2
133318 513920
872958 4
217464 712095 123789 490032
11 5
5 5 5 5 10
322269 1
179786
606573 2
631077 287703
205400 5
612463 632969 668712 59556 802781
967091 5
796050 719417 519063 447576 92283
169812 2
453915 469351
768687 5
412033 731071 290045 749775 876329
3 3
1 1 100
538666 4
797396 30546 786879 729588
1 5
3 1 2 1 1
798421 2
942682 230099
434655 5
219806 201811 146605 869475 715730
328808 5
531756 956743 62624 760202 596883
6 5
273 500 70 789 615
11 5
10 5 5 5 5
859029 1
989940
9 5
25 84 83 93 38
725492 2
446453 684600
553805 4
864992 834748 444033 946961
2 5
1 1 1 1 1
322587 2
124985 24917
95139 1
934923
1 5
1 1 1 1 1
824057 1
777716
3 4
2 2 2 3
528907 1
303752
353503 5
925764 895716 755948 451092 221950
250831 2
272568 179817
1000000 1
1000000
889574 3
776818 677385 489711
73450 3
994765 714729 466954
1 5
276 124 57 56 287
1000000 5
660403 812195 51736 687526 185247
192054 5
425490 450246 533086 729897 925363
870861 1
561413
782914 5
348831 47229 391623 258329 333301
12154 2
499487 43721
1 5
1000000 1000000 1000000 1000000 1000000
170448 4
904753 625211 219885 871843
397980 3
731569 746293 235015
422742 5
337387 323223 210892 122634 217684
869455 5
513589 364433 795218 785888 102734
684816 5
670332 63771 399544 653637 984372
1000000 5
827180 843026 144113 392290 801405
925674 5
785266 424320 161613 146577 138213
491329 1
435082
457291 5
34822 214061 723417 911151 915222
86403 2
883655 801748
2 5
6 8 8 10 9
1000000 5
731714 132258 930436 893819 895006
488651 2
643735 913342
289465 5
365617 95994 325780 306955 222258
1000000 5
207285 262038 803947 319200 424986
169721 5
310435 497374 630322 824346 864453
9 5
2 1 1 1 1
917649 5
308166 326748 663772 583592 32923
1 5
2 3 1 4 1
