6
50
384 740 151 295 182 569 490 517 435 580 244 377 148 395 336 498 382 795 455 703 30 59 438 455 431 883 283 309 39 42 61 399 51 86 171 622 369 702 446 520 41 79 168 294 148 514 2 117 220 500 391 545 404 722 51 315 232 359 366 579 474 686 425 775 381 396 203 409 279 330 194 456 350 782 272 400 104 378 485 944 23 301 359 805 388 525 166 428 100 266 91 573 233 268 39 437 251 383 257 361 
25
126
856
96
968
729
816
308
145
61
850
508
725
36
523
873
51
10
533
397
204
286
177
802
429
142

200
545 617 655 1637 1108 1910 333 906 792 1330 933 1092 913 1398 327 1479 740 1761 1242 1249 869 2090 639 1535 217 587 68 610 688 1913 162 848 271 1428 133 264 261 897 545 611 364 955 1076 1241 275 497 39 204 119 1024 312 617 631 1776 1150 1675 920 1630 684 953 326 1546 660 1870 201 485 822 841 644 1731 1072 2084 1201 1272 833 1521 1015 1794 1023 1524 522 1716 1052 1376 711 1392 432 1433 266 1432 983 2186 77 599 564 1570 944 1935 515 1738 683 1177 154 1275 720 1833 957 1314 1017 1739 1108 2269 700 1416 1135 2056 808 1327 89 540 1246 1550 1017 1832 583 1413 168 1094 651 874 1027 1331 1080 2256 1162 2250 1170 1365 1195 1781 28 421 1068 1571 1096 1635 919 1805 719 1317 108 1126 281 1451 534 1350 197 357 1158 2060 1039 2064 993 2242 659 1678 1078 1261 1039 1981 121 814 1140 2089 1063 1278 198 1401 485 1333 223 1215 386 422 1018 1546 498 599 1234 2418 1148 1590 735 1780 64 397 906 1559 980 1268 20 181 199 920 344 1449 217 592 1017 2207 230 1116 267 458 373 1079 552 1670 224 960 446 615 264 418 178 1135 672 943 778 1494 969 1664 610 832 98 905 413 1410 1060 1905 1172 2261 886 923 1159 1943 99 146 1112 1248 65 602 324 609 913 1991 729 1435 244 1275 747 986 111 753 702 806 756 1014 137 544 91 1241 1222 1273 716 1556 800 1271 894 1697 64 651 1062 1601 762 1802 615 1606 542 781 561 621 751 1818 729 1144 917 2010 1223 2071 572 960 1033 2208 554 1532 793 1059 450 688 634 1100 1047 2209 585 1652 191 1264 1168 1212 1102 1359 1231 2248 1242 1704 629 1021 837 951 3 485 1172 1648 56 86 192 668 380 758 427 1231 746 1415 74 1055 339 420 1043 1304 765 1474 4 360 817 864 1248 1934 1119 1660 315 744 346 365 1117 1762 859 1701 1049 2160 169 1158 313 599 133 716 45 813 1187 1922 717 821 760 1753 122 454 506 1200 1217 1431 682 1858 493 1191 1168 2360 1060 1933 1007 1159 
100
774
387
1253
596
1715
1279
1066
1744
2344
37
1197
2066
1880
720
319
1435
2009
630
986
1333
272
1290
1840
1999
1687
2443
2387
2079
1657
200
1025
672
644
1306
2069
1507
513
2068
1287
818
1400
806
378
2015
2234
152
685
711
1429
1263
1200
2380
727
686
1997
614
1703
1279
1773
206
490
1848
2261
2481
2066
1213
1167
739
1041
1837
2122
1515
2269
1933
1455
1679
2043
950
568
2274
1782
1794
1899
618
678
1481
601
781
1951
2097
270
304
1013
1908
2297
1519
1364
1489
1292
1980

500
1 5000 5000 5000 913 2187 2069 2959 2140 2917 1100 2098 1548 3077 2306 4750 2411 3902 1471 2583 523 1065 1948 2117 2026 3046 1287 3071 1773 2821 1625 3915 1171 2851 1367 1878 379 2344 797 2907 2460 4426 1972 3763 2086 2744 698 2939 941 1543 2207 3132 1812 2711 887 2455 1028 3473 1955 3010 1588 2848 1626 3944 2163 3831 1974 3254 2224 4312 1311 2372 1521 3438 2212 3402 731 993 1996 3165 1106 1118 408 1882 358 1404 1637 3792 274 1492 200 552 628 832 467 2737 254 390 1670 1916 564 764 1274 3304 2488 2529 1043 2747 316 722 1496 1780 321 1804 542 601 305 1129 1397 1795 2235 4293 1691 2664 703 1926 2295 3983 214 1187 1478 1811 915 3224 1462 2551 732 830 479 1416 1309 1726 2019 4001 463 1877 2248 3958 1529 1881 2073 4103 2199 4136 752 1706 2163 2281 1752 2463 219 1733 1352 1594 1261 2016 1611 3077 1282 2095 634 2018 621 1975 583 726 371 2709 1679 3585 302 354 637 2542 879 2363 2282 3506 1893 3130 1237 1760 860 1131 761 3094 2 1719 2449 3038 705 1725 736 1030 930 3250 1994 3657 1754 2739 2239 2316 860 2362 1995 3072 2315 4145 1174 1816 2390 2713 591 1203 2393 3565 516 2865 1254 3690 533 2843 1070 3187 506 644 571 1083 951 3349 2151 4549 731 2550 363 1638 2132 2292 965 3136 360 2721 1512 2994 1620 3383 1439 1557 186 1309 1825 3885 1153 3562 636 2436 340 509 2391 4501 1274 2454 966 3255 484 829 1314 3069 1917 3277 2135 2687 1559 2924 420 1520 1802 2944 2477 3969 1431 2865 134 2135 2495 4145 679 1802 30 1244 552 777 1563 2716 596 1263 418 2457 1023 2509 645 1284 2069 3704 1624 3473 1849 4091 531 2633 555 861 1918 2545 2015 4229 1790 4111 732 1012 1363 2385 1612 3622 1414 1539 292 539 1292 2956 2168 4063 1068 3267 486 689 1914 2491 2109 2905 85 1772 810 2407 904 2193 418 723 146 1656 1714 1909 2372 3124 1808 1850 1571 3127 1399 2540 399 2407 1227 3498 1174 1772 2126 3631 438 1793 2471 3616 891 2392 2182 2225 2153 4306 244 980 1875 2648 1001 3095 1124 2861 1192 1223 1931 3177 2492 3969 934 2023 630 3020 231 1973 862 1780 1208 1960 431 1861 157 1033 237 1543 204 1039 1262 3334 2161 2811 438 2805 1240 2409 848 2513 1593 2605 892 3224 18 974 746 2050 1176 3629 1873 3348 8 1646 160 1271 2312 3825 1413 2831 2299 3761 1222 3658 2469 4170 2177 4586 1748 4190 620 2878 1153 1917 2113 3078 1727 3958 391 1672 299 360 2208 3844 2453 3322 939 2631 298 1604 698 3051 1351 1437 1457 2087 437 2587 2257 4737 756 2483 2008 3716 895 974 1306 3118 405 1663 1957 3917 654 2783 1218 2897 887 2759 1873 2234 1185 2797 323 2132 1271 3551 1319 3747 1167 3624 586 2287 1779 4077 96 1572 687 2709 1272 2794 59 1359 1832 2438 1736 3136 67 1425 1276 2672 324 1577 2220 2808 2232 4629 621 1305 1655 1898 898 2933 88 1531 1310 2149 240 2354 2053 3100 2481 4634 1946 3028 2324 3547 1201 1277 1448 3152 1634 2246 361 1807 2219 3331 1762 2828 53 658 1927 3338 726 2876 1640 3874 264 1775 1619 1756 1414 3837 1753 4028 1145 2976 1988 4459 1305 2365 2424 4169 2422 2935 48 1658 2382 2783 1728 3647 512 1159 210 2141 12 1931 2026 4452 114 744 2183 3678 909 1028 1247 3211 2065 2585 1850 3795 1765 4157 928 1122 899 1082 1857 2030 145 701 687 1299 818 857 79 2028 2322 4365 1533 3541 2492 3979 582 2736 926 2947 1463 2977 642 2047 1784 1986 1063 2215 1531 3496 1702 2006 372 629 2129 3052 2214 2679 1967 3492 460 1939 1478 3846 2069 4228 33 1832 649 1064 2305 3968 358 897 468 1933 1240 2998 2013 3913 889 1786 847 930 1965 4373 988 3000 1469 2156 2162 2378 719 2449 1814 3681 658 1017 2046 4359 1384 1782 730 3005 2007 2450 818 1110 324 2101 2114 4329 831 3122 2229 2647 819 1878 1644 2733 1225 2537 1472 2185 1101 2770 1864 1933 1773 1866 2363 4465 964 3218 1665 3480 850 2926 1644 3763 1377 3000 1074 1629 44 281 2425 2714 1316 3506 392 2888 2269 3140 1401 3472 1647 3517 1107 2415 1934 3574 2423 4120 111 1575 183 2388 1020 1980 1488 3450 503 1622 221 1224 1649 1683 2375 3456 1226 2087 356 816 1922 4163 2196 2291 1651 3030 472 1930 2200 2980 2283 2898 1658 4142 1002 3257 1453 2655 1740 4088 606 2168 1779 3190 109 1443 2162 3648 251 1350 564 1244 2003 4263 74 1402 318 963 1109 2894 635 2868 2263 3838 1152 2706 108 1992 2307 2937 921 1766 866 2658 36 1047 2344 2922 2143 3026 1737 2599 1364 2874 984 2799 622 1345 2135 2715 1792 2363 292 1100 18 888 951 1493 632 2619 2020 2181 1530 2280 1035 1460 2377 4201 1831 4083 1762 2563 685 2329 1577 1830 1002 1020 974 1777 1964 4231 2211 3861 150 470 1289 2252 1174 1325 2406 3020 612 3102 2244 4003 1153 1277 649 2405 2437 3851 1806 3417 1619 3432 1374 1378 1552 2793 860 2253 1736 2048 1048 3448 353 2002 1 1944 1976 2699 246 1094 514 535 927 2226 1900 3659 1452 2212 1803 4055 1316 3417 1467 2822 1894 2231 2307 4480 676 1593 719 1068 2314 4278 1346 3358 810 812 1207 1639 497 1190 1282 2585 970 2225 775 1907 1022 2278 272 1497 1784 2753 141 2565 2147 2482 1798 2923 599 1897 1244 2107 241 1254 
500
2788
2883
4872
1731
1413
1898
1305
3848
961
830
670
3590
3636
4247
311
4980
4701
3952
1337
2612
4033
3410
3793
346
4685
3586
4337
3820
4352
4650
354
2161
3388
236
2094
4630
4735
379
3456
523
3754
3228
4987
4069
4837
3058
275
3156
1668
328
2772
1332
2211
4822
710
1698
633
1095
898
1164
4140
3361
843
1291
4569
4907
867
4044
2558
1181
2841
361
3814
57
4804
3191
1919
1095
4527
57
2124
1614
3737
3681
122
3287
303
4110
1770
4883
2345
3234
3986
1365
3574
2450
4927
3514
4636
3401
3580
3053
2136
4590
4392
255
3702
2241
46
2828
358
3125
2726
32
2243
2735
3372
3840
1681
868
1218
2637
4162
105
3375
1130
2278
1164
4595
535
1133
3176
374
3703
265
2046
1884
3012
3453
1830
3359
4251
2204
341
3625
329
4535
2128
4667
2364
2127
207
1695
1902
1403
2693
1799
4404
46
2452
2561
2406
2713
533
4487
1087
3569
3805
3759
3451
3508
1091
3300
112
2333
2798
4486
2077
4841
611
1325
3152
653
2907
4437
2644
2110
4115
3662
607
701
1326
3283
3593
2397
1261
3885
2568
906
951
3876
617
2120
3419
1969
817
1397
4514
203
921
924
1282
332
1064
3287
284
4951
2186
3008
4175
1008
2294
1620
3326
3231
2406
4324
2052
2251
3775
4522
952
2432
4017
4156
3811
3268
4608
1488
4966
3907
3992
373
201
653
775
1793
350
4433
37
4428
1100
4545
1279
3488
4904
1305
3488
1804
1021
4813
2752
788
820
3294
4759
3790
455
1488
4842
4595
4263
67
2518
4039
2797
3372
3459
2775
1133
3008
3215
2095
1407
3308
2636
1502
3440
1068
331
4774
869
1030
3807
763
4415
1778
2007
3344
1970
3513
779
3152
1975
3670
2120
2512
1122
557
550
2510
2294
1207
518
4501
251
4511
3017
249
3994
4444
3124
1217
3799
971
2880
4286
1813
4001
2269
4846
384
3466
4815
4517
3212
4361
3129
145
3779
4260
357
681
4307
290
4173
3897
317
2028
92
3292
4210
2758
390
3383
4744
1385
3678
758
2946
2614
766
4909
4630
3800
4049
1717
104
1663
1301
1721
4940
2757
1756
2268
2705
2030
4081
1657
2545
481
343
3189
4196
1125
1245
269
1628
4106
1150
1992
2899
750
2517
553
3016
1816
2070
828
4185
692
3424
2602
2922
1107
1670
1451
1772
575
4853
2118
3633
2544
2055
2688
3204
3710
4278
4095
1637
3627
3428
2697
4458
3956
3623
4302
1625
3284
1834
2334
1881
3013
2222
2337
4073
308
4105
4074
1944
1071
3141
807
2148
1854
840
695
1286
980
691
2896
2498
2000
2588
2196
2988
1972
3207
1447
470
3673
1465
3704
494
2037
3604
4057
1756
1170
2679
4957
186
1188
3301
318
3692
903
2518
2392
1806
3363
2186
4421
2197
4381
3753
3669
3429
1739
2848
1305
850
939
2503
412
939
3161
4278
560
240

150
1081 1081 302 302 835 835 344 1320 106 783 935 1202 734 863 76 934 501 720 1036 1466 951 1315 358 1240 941 2090 160 390 459 1679 537 1480 562 903 6 57 1130 1260 437 1571 1040 1090 314 538 1217 1453 1191 2401 974 1883 1194 1397 362 635 173 181 475 736 223 559 628 1273 510 1102 886 1003 83 472 162 1124 1144 2016 448 925 877 1341 439 1175 1049 1371 1193 1478 63 682 838 2036 811 903 506 830 14 1121 362 1561 1013 1273 855 2097 522 1390 1171 1415 941 960 651 1583 1053 1992 1222 1603 763 1352 543 1373 282 1450 1001 1457 1009 1013 737 1378 1090 1335 887 1209 648 1209 629 1052 242 898 828 926 563 1691 539 922 376 1512 1118 1375 707 1028 253 394 385 1438 993 1141 1017 1396 703 1917 448 465 1196 1413 841 1354 1 816 1060 2155 1223 2200 459 1601 313 1127 279 646 308 659 960 1543 287 495 2 477 798 803 807 1794 1154 2340 961 1680 976 1160 507 690 445 1168 205 966 931 1978 1109 1789 251 1306 884 1948 187 558 878 2002 485 1330 536 835 630 822 561 801 450 1036 390 411 913 2038 894 1905 1128 1419 293 540 1089 1415 511 665 102 905 514 1753 877 1184 1216 2347 1249 2228 513 1312 1107 2113 1237 2277 650 1699 705 797 985 1356 1037 1373 551 731 459 1542 878 1210 357 1470 117 861 262 486 12 988 783 896 871 1823 1093 1413 399 1317 143 578 807 1392 543 945 730 1374 156 1262 148 151 699 893 613 1402 329 809 524 798 533 921 
80
1081
2241
2216
1887
2258
231
1662
2189
518
1882
564
441
1712
1722
2419
2142
1638
2395
2488
1179
2036
198
2388
2058
1528
1323
2148
1900
1964
751
70
1220
1067
743
257
1174
1537
2052
523
1980
2057
1055
781
2215
2353
2389
696
81
710
223
595
2476
2205
2379
1084
2116
181
799
2254
45
1738
431
1317
1122
655
1726
844
1946
909
643
731
461
2497
2142
1092
709
413
914
1830
835

200
920 1545 970 2022 422 1656 472 2078 493 786 543 1643 364 1496 414 1998 456 942 506 1721 1004 1393 1054 1946 1054 2040 1104 2270 895 1008 945 1754 52 154 102 1327 326 1021 376 1760 527 1764 577 2132 258 1282 308 1891 679 942 729 1721 97 470 147 1485 900 1841 950 2170 462 1701 512 2100 1232 1428 1282 1964 1048 1071 1098 1785 392 1557 442 2028 487 1287 537 1893 302 1060 352 1780 1051 1409 1101 1954 710 1951 760 2225 619 780 669 1640 519 1515 569 2007 337 389 387 1444 1173 1723 1223 2111 729 1091 779 1795 536 1227 586 1863 415 961 465 1730 716 1037 766 1768 928 1044 978 1772 391 1204 441 1852 992 1780 1042 2140 933 1871 983 2185 1104 1687 1154 2093 747 1588 797 2044 478 818 528 1659 670 1436 720 1968 854 1120 904 1810 1156 1439 1206 1969 412 1572 462 2036 1000 1720 1050 2110 666 1719 716 2109 946 1320 996 1910 697 1182 747 1841 598 1636 648 2068 1048 1541 1098 2020 907 1456 957 1978 641 857 691 1678 270 415 320 1457 739 1169 789 1834 351 1375 401 1937 264 1066 314 1783 1164 1762 1214 2131 737 1152 787 1826 131 1053 181 1776 172 383 222 1441 829 1161 879 1830 1037 2224 1087 2362 1130 1880 1180 2190 43 1236 93 1868 426 1186 476 1843 622 760 672 1630 803 1640 853 2070 212 337 262 1418 786 1775 836 2137 457 1040 507 1770 925 1128 975 1814 223 487 273 1493 629 1443 679 1971 68 311 118 1405 1243 1676 1293 2088 1097 2292 1147 2396 1247 1512 1297 2006 212 888 262 1694 450 945 500 1722 275 1333 325 1916 949 986 999 1743 1183 1306 1233 1903 751 1142 801 1821 672 903 722 1701 449 745 499 1622 776 1011 826 1755 598 1541 648 2020 145 925 195 1712 829 912 879 1706 547 1451 597 1975 1158 2038 1208 2269 871 1245 921 1872 1080 1352 1130 1926 82 784 132 1642 298 1342 348 1921 834 1158 884 1829 363 531 413 1515 732 750 782 1625 1149 2216 1199 2358 258 975 308 1737 436 1183 486 1841 66 921 116 1710 
150
97
636
565
322
1618
1715
81
1824
473
1552
1162
577
119
970
407
1771
161
1121
1656
1984
2490
2294
699
1829
1653
242
2136
1651
2053
708
727
843
891
1357
926
625
1307
1317
2107
736
1732
912
1759
424
84
682
728
1712
2243
205
971
473
544
415
507
1055
1105
946
103
377
578
309
730
148
951
513
1283
1099
443
538
353
1102
761
670
570
388
1224
780
587
466
767
979
442
1043
984
1155
798
529
721
905
1207
463
1051
717
997
748
649
1099
958
692
321
790
402
315
1215
788
182
223
880
1088
1181
94
477
673
854
263
837
508
976
274
680
119
1294
1148
1298
263
501
326
1000
1234
802
723
500
827
649
196
880
598
1209
922
1131
133
349
885
414
783
1200
309
487
117

150
1282 2226 109 1282 805 2010 600 1391 1179 1318 21 1190 353 1267 1026 2191 1127 2319 143 245 1038 2165 1225 1377 362 1241 931 1515 725 1117 546 1763 193 1057 562 1168 703 1668 639 1451 304 957 294 816 476 1094 1161 2395 312 1423 410 898 660 1726 616 1181 867 1723 607 704 319 500 157 1037 1212 2320 458 580 412 1015 296 732 626 1128 66 629 899 1672 408 1482 482 1296 513 896 355 1539 912 1193 645 874 24 384 789 1211 656 947 1125 2076 787 1104 737 1115 50 1137 273 525 929 960 1161 1223 876 1914 920 1031 1220 1555 1014 1681 687 962 278 1092 1011 1692 1164 2365 1225 1485 666 1397 1094 2231 725 1221 320 590 1146 2256 159 1389 510 1730 684 892 1212 2316 572 710 241 570 968 2005 811 1844 944 1508 246 1282 139 714 904 1979 330 921 404 945 478 1008 1223 2118 713 870 1085 1614 187 1354 356 1418 875 983 41 759 424 911 1006 1391 731 1218 76 145 967 1134 205 822 103 186 1164 2111 725 1703 309 1000 2 559 933 1825 630 1145 1222 1288 921 1679 807 1271 759 1053 714 812 816 1176 250 686 414 743 891 1693 1041 1355 909 1891 485 1639 385 1569 293 1073 123 1351 49 884 480 1280 1180 2160 147 1262 291 642 294 1533 959 2196 396 959 1226 2187 942 1536 966 2054 524 1510 999 1794 331 960 1106 2348 745 1730 626 1711 360 1482 552 1105 76 633 239 1317 1031 1198 867 1315 500 770 1194 1675 288 685 1167 2390 1032 2032 498 1300 153 460 1058 2262 
80
1282
318
1943
1766
1574
216
239
274
1383
2076
1690
1159
1917
2124
1767
1892
1235
1242
1561
777
1302
1710
1554
1767
1993
91
313
325
1046
1970
2042
1610
1513
2416
2298
138
498
381
1847
734
1176
1545
1531
737
1113
1275
1144
509
1522
1773
980
1407
1863
316
466
1027
365
2217
1005
1168
1035
1244
1422
668
1751
1345
1689
2499
242
1953
1478
1803
1899
456
1216
2053
418
1657
2403
882

