6
10
42 71 20 57 20 22 43 62 2 49 25 50 11 39 1 26 27 68 27 68 
5
32
77
77
97
91

25
69 132 71 87 59 134 58 168 42 133 28 139 41 135 21 41 116 216 17 65 19 138 115 239 13 88 42 104 47 159 43 54 81 169 29 126 110 157 81 191 75 105 75 175 67 169 124 179 57 58 
25
198
216
112
228
221
219
179
191
223
96
91
83
195
200
133
11
24
49
44
118
16
18
171
19
51

50
1 500 500 500 26 225 78 258 47 256 114 347 169 273 50 86 119 302 165 263 171 415 135 260 28 182 173 355 114 135 179 332 106 202 123 355 225 465 232 404 2 248 132 254 69 281 71 258 93 141 150 184 37 183 64 176 94 221 22 37 94 167 236 352 52 54 3 221 164 187 195 372 147 215 83 181 140 348 58 133 22 140 148 359 74 264 215 420 146 158 169 364 5 54 88 182 69 160 63 120 
50
344
405
252
499
409
250
268
366
92
243
165
336
445
29
310
495
343
51
248
181
207
451
407
214
155
250
71
82
296
127
23
1
175
232
6
415
304
414
390
171
289
389
70
479
177
157
149
183
64
399

15
125 125 31 31 20 20 155 314 95 277 139 247 126 281 153 349 151 346 199 258 189 324 88 273 196 295 138 270 1 119 
8
125
243
389
395
375
45
16
20

20
29 199 79 299 72 141 122 270 66 194 116 297 178 213 228 306 155 248 205 324 101 217 151 308 119 257 169 328 13 33 63 216 64 218 114 309 188 223 238 311 
15
102
210
100
50
370
80
123
117
229
206
152
170
64
115
239

15
102 279 70 102 161 345 153 184 171 335 160 324 175 292 156 317 93 207 162 329 63 124 35 182 109 239 142 255 123 281 
8
102
59
216
90
27
225
75
136

