100
100 1
100
10 3
20 3 15
474803 5
395060 158320 395126 736246 517089
592976 4
86525 144952 76128 977248
901065 3
977289 99275 783657
11 5
10 5 5 5 5
702577 2
967331 427257
503436 4
868559 331631 897420 31363
90150 3
855088 487158 507567
9 5
1 1 1 1 1
8708 1
827619
292807 1
367788
1000000 5
111799 748208 825966 968524 596527
338804 5
261642 325341 124818 58168 188153
691637 4
447741 412230 706943 471689
2 5
2 1 9 2 5
1000000 5
357681 843112 928647 408908 711153
989943 2
112958 707275
79925 5
602740 834048 242375 877633 162805
708997 1
628011
2 4
2 2 2 6
345531 3
364509 36372 375106
162474 3
902197 474906 969686
3 3
1 1 100
132174 2
675579 647331
1000000 5
1 1 1 1 1
217496 5
687261 571866 116989 378234 473875
834389 2
879682 829629
628844 2
882673 236700
6 5
5 2 5 1 3
758541 5
998612 812406 737223 400234 24092
10 5
38 475 120 206 156
631299 5
301481 297567 204130 187210 131475
343211 3
570091 76770 530978
81921 5
825569 698644 604859 429962 138597
7 5
432 293 75 498 496
213699 2
648911 687842
673189 5
83331 462080 479293 622967 735126
681090 5
243532 363238 217267 198205 227223
343290 5
201963 188497 370622 29468 297147
1000000 5
1000000 1000000 1000000 1000000 1000000
1 5
1000000 1000000 1000000 1000000 1000000
24633 3
905756 414513 120476
415071 5
839486 617508 403111 333262 549798
282749 4
997097 46179 541700 825893
4 5
80 43 37 12 36
10 5
5 5 5 5 10
1 5
946648 533881 905733 80068 901324
1000000 1
1000000
886570 4
920324 341186 842418 108010
11 5
5 5 5 5 10
753230 2
996896 366090
716748 2
679562 438035
494404 3
807213 301754 843132
628547 5
613457 404327 891323 114576 420097
122965 1
320056
268804 5
505306 963790 349062 910141 648789
625199 2
218540 277533
794218 4
900027 781430 498955 23948
333667 1
853369
699685 1
836811
8 5
775 462 25 263 16
689170 5
876690 219398 734126 813860 452178
828796 5
144689 828519 578080 633968 439497
10 5
1 1 1 1 1
2 5
321 716 3 14 30
6 5
3 1 3 1 3
3 5
2 1 1 1 1
532476 5
972470 170010 719686 270036 987843
396821 2
581980 517952
415939 5
616051 675447 277821 980559 228171
767675 3
270056 414599 651814
1000000 5
690509 648994 570818 333933 776060
722427 5
948526 899494 385658 240692 174622
430703 5
480945 578620 35561 179588 524933
340919 5
57553 152764 294185 203165 208881
375571 5
269018 551059 464827 288805 419617
657661 4
23783 968371 719842 220086
353857 3
384826 251989 522184
610979 2
93255 488998
1000000 1
999999
1 5
1 1 1 1 1
603930 1
849440
569713 5
288553 380607 103940 64612 253795
140405 4
452488 619200 453213 671416
146460 5
80259 294284 429178 609796 717154
199487 3
437415 85919 749285
1000000 5
176831 166262 889533 952986 629261
611200 3
976325 882592 368322
1000000 5
392581 400097 38814 435860 238322
3 4
2 2 2 3
2 5
1 1 1 1 1
939766 5
51094 285508 357441 375071 709328
663985 5
162451 372463 459166 527967 565369
890724 1
434540
978423 5
757123 540223 492980 900697 518160
586432 3
291223 727042 234957
3 4
2 2 2 4
908651 5
287679 635626 645742 651976 724390
404836 5
570610 528605 450198 340109 168647
