100
100 1
100
10 3
20 3 15
925056 4
754001 905664 197801 707026
853379 4
734771 803737 82217 817933
190753 1
85004
810753 2
362161 6569
218688 5
305566 139504 87283 39811 396958
854391 2
162243 596374
3 4
2 2 2 4
87464 2
517220 579289
305936 5
140898 125700 341751 789915 817826
9 5
1 3 1 3 1
881291 3
92932 589456 825696
539164 5
74317 112085 219217 339735 847992
825912 5
304732 879534 301832 40841 505197
218967 4
893616 549598 77820 864025
609369 5
245564 826331 834317 59904 915701
591787 1
468546
659043 2
518147 160073
1000000 5
241793 276786 896771 623302 712447
1 5
4 4 3 2 4
659506 1
61634
261103 2
760513 740839
3 4
2 2 2 3
243099 2
295770 959569
742537 2
696842 547615
630493 1
706468
295419 1
928106
856915 4
397879 141974 466198 987334
1000000 5
1 1 1 1 1
228676 5
228895 160988 176480 62032 2029
1000000 5
494811 281639 684424 977910 31587
9 5
1 27 229 67 112
10 5
5 5 5 5 10
1000000 5
263510 416176 22797 85566 878375
409344 4
447666 301215 265430 776289
729794 5
989102 366738 609328 807285 407578
922144 4
321826 307226 986110 98861
642263 1
342502
953026 5
801932 441400 237818 148455 140774
1000000 1
1000000
423553 3
628512 743142 716271
5 5
243 399 265 410 25
954450 5
177129 202678 390904 470038 584538
218462 5
283822 108991 322225 162196 140393
216866 3
235482 616696 716121
6 5
695 95 103 315 550
139041 5
24567 84039 743444 376049 101363
658965 5
889147 832856 125892 51989 49339
875486 5
793163 976659 813542 463118 413804
6 5
689 434 470 388 342
527649 2
74950 898677
1 5
1 1 1 1 1
148191 1
847250
1 5
1000000 1000000 1000000 1000000 1000000
11 5
5 5 5 5 10
624324 5
581224 654123 469800 158518 846793
1000000 1
999999
338574 5
508957 101232 487028 388592 674631
864227 5
354206 386819 448764 916087 530746
561882 5
883431 783799 143927 108026 104392
631402 5
8985 58104 272745 646509 897257
2 4
2 2 2 6
835131 5
764850 519464 507986 46141 17325
6 5
22 37 38 9 33
812439 5
241737 213368 90661 73324 367817
69507 5
699885 930528 693885 839846 127267
792416 2
884683 383543
189985 3
560047 524570 460337
629678 1
646839
270509 2
22512 39965
2 5
6 3 2 2 6
1000000 5
326221 613722 281903 967429 134246
40995 4
904093 53348 398680 79409
696806 1
969500
366937 5
666762 582251 525491 213773 273889
564505 1
114682
441041 5
486634 504574 604404 622539 960658
11 5
10 5 5 5 5
695591 5
231535 968555 744929 799875 547446
1 5
259200 412283 550587 49682 290291
10 5
4 3 4 3 2
804615 2
333241 712486
162413 2
932248 324066
255544 5
944405 554197 70050 719587 903933
581261 5
621338 814507 258831 833384 96357
1000000 5
1000000 1000000 1000000 1000000 1000000
1000000 5
185256 537152 744450 729974 116786
153604 2
920794 624251
7 5
4 1 1 3 2
2 5
1 1 1 1 1
7 5
1 1 1 1 1
467163 5
132555 80067 91330 361353 135582
328623 5
884981 642203 547012 289611 65723
677570 3
212047 765499 231978
383988 5
240834 146689 371321 724855 292719
722370 5
167362 845477 577295 192670 946708
109312 2
939038 149913
57454 5
107136 357686 379712 670002 684832
3 3
1 1 100
